$ximp
   Year  Country Population Cutaneous.Leishmaniasis
1  2007 Colombia    1801730            5.550221e-04
2  2008 Colombia    1839334            5.980426e-03
3  2009 Colombia    1894391            1.583622e-03
4  2010 Colombia    1937458            3.096841e-03
5  2011 Colombia    1960132            3.061018e-03
6  2012 Colombia    2019943            1.485190e-03
7  2013 Colombia    2075273            1.927457e-03
8  2010 Colombia      20170            4.957858e-02
9  2012 Colombia      20730            4.823927e-02
10 2008 Colombia       3394            2.946376e-01
11 2011 Colombia       3932            2.543235e-01
12 2010 Colombia      27571            3.626999e-02
13 2007 Colombia      18401            5.434487e-02
14 2008 Colombia      18568            1.561827e+00
15 2009 Colombia      19035            1.103231e+00
16 2010 Colombia      19700            2.233503e+00
17 2011 Colombia      20369            1.276450e+00
18 2012 Colombia      20635            1.211534e+00
19 2013 Colombia      21125            4.355030e+00
20 2009 Colombia      38238            2.615200e-02
21 2010 Colombia      38297            5.222341e-02
22 2011 Colombia      40277            4.965613e-02
23 2010 Colombia       6469            1.545834e-01
24 2008 Colombia      12108            3.303601e-01
25 2010 Colombia      13069            3.060678e-01
26 2011 Colombia      13607            1.469832e-01
27 2013 Colombia      14462            6.914673e-02
28 2008 Colombia      15853            8.515738e+00
29 2009 Colombia      16195            1.481939e+01
30 2010 Colombia      16341            6.853926e+00
31 2011 Colombia      16686            4.255064e+00
32 2012 Colombia      17048            5.807133e+00
33 2013 Colombia      17598            1.136493e+01
34 2007 Colombia      15068            3.981949e-01
35 2008 Colombia      15110            1.058901e+00
36 2009 Colombia      15590            3.399615e+00
37 2010 Colombia      16168            1.608115e+00
38 2011 Colombia      15463            8.148483e+00
39 2012 Colombia      16546            8.642572e+00
40 2013 Colombia      17350            2.247839e+00
41 2008 Colombia       4753            2.103934e-01
42 2012 Colombia       5351            1.868810e-01
43 2008 Colombia     125495            1.004024e+00
         Dengue      Malaria Mucosal.Leishmaniasis
1   0.002775111  0.002220088          0.0000000000
2   0.493656943  0.010873501          0.0000000000
3   0.218012015  0.009501734          0.0000000000
4   8.036303239  0.018064908          0.0000000000
5   0.409156118  0.005101697          0.0005101697
6   0.352980257  0.005445698          0.0000000000
7   1.128526223  0.004336779          0.0000000000
8   3.916707982  0.099157164          0.0000000000
9   0.000000000  0.000000000          0.0000000000
10  0.000000000  0.000000000          0.0000000000
11  0.000000000  0.254323499          0.0000000000
12 10.772188169  0.181349969          0.0000000000
13  0.000000000  0.000000000          0.0000000000
14  0.161568290  0.969409737          0.0000000000
15  0.000000000  3.309692671          0.0000000000
16  0.000000000  7.563451777          0.0507614213
17  0.049094212  2.454710590          0.0490942118
18  0.145384056  2.277683547          0.0000000000
19  0.094674556  0.568047337          0.0000000000
20  0.026151995  0.052303991          0.0000000000
21  1.044468235  0.078335118          0.0000000000
22  0.074484197  0.000000000          0.0000000000
23  0.154583398  0.000000000          0.0000000000
24  0.000000000  0.000000000          0.0000000000
25  0.153033897  0.076516949          0.0000000000
26  0.000000000  0.000000000          0.0000000000
27  0.000000000  0.000000000          0.0000000000
28  0.441556803 19.176181164          0.0630795433
29  0.000000000 26.860142019          0.0617474529
30  0.367174592 61.807722906          0.1223915305
31  0.059930481 29.306005034          0.1198609613
32  0.058657907 40.063350540          0.0586579071
33  0.170473917 17.672462780          0.0000000000
34  0.199097425  2.256437483          0.0000000000
35  1.257445400  7.015221707          0.0000000000
36  5.259781911  5.772931366          0.0000000000
37 18.864423553 13.483424048          0.0000000000
38  1.487421587  5.626333829          0.2586820151
39  1.087876224  4.714130303          0.0604375680
40  6.340057637  2.305475504          0.0000000000
41  0.210393436  0.000000000          0.0000000000
42  0.000000000  0.000000000          0.0000000000
43  0.717160046  4.940435874          0.0159368899
   Visceral.Leishmaniasis Yellow.Fever  LST_Day
1                       0            0 24.08659
2                       0            0 23.43283
3                       0            0 23.80318
4                       0            0 24.68651
5                       0            0 23.79569
6                       0            0 24.29612
7                       0            0 24.57331
8                       0            0 23.36632
9                       0            0 23.38347
10                      0            0 20.68227
11                      0            0 21.47111
12                      0            0 25.46487
13                      0            0 24.39848
14                      0            0 24.24817
15                      0            0 24.61325
16                      0            0 24.60117
17                      0            0 24.64510
18                      0            0 25.22601
19                      0            0 24.81719
20                      0            0 18.39601
21                      0            0 18.92624
22                      0            0 18.12929
23                      0            0 23.87252
24                      0            0 20.91096
25                      0            0 21.96958
26                      0            0 21.29417
27                      0            0 21.84289
28                      0            0 24.74276
29                      0            0 25.20045
30                      0            0 25.03892
31                      0            0 24.58274
32                      0            0 25.62625
33                      0            0 25.39016
34                      0            0 24.61661
35                      0            0 24.04609
36                      0            0 24.86076
37                      0            0 24.90994
38                      0            0 23.87541
39                      0            0 24.60649
40                      0            0 24.89688
41                      0            0 24.18127
42                      0            0 24.35939
43                      0            0 26.67616
   LST_Night OptTemp_Obs Dengue_Alb_OptTemp
1  12.860204          45                 14
2  11.235169          43                  8
3  13.145568          45                  9
4  13.082377          45                 19
5  11.831094          45                 13
6  12.608923          46                 13
7  12.988175          46                 13
8  12.447595          46                 14
9  12.026895          46                  8
10 13.620742          44                  0
11 13.484368          45                  3
12 17.230179          43                 17
13 17.110971          46                 18
14 16.378857          45                 12
15 17.281072          45                 17
16 17.468228          44                 19
17 16.950496          46                 20
18 17.079848          46                 23
19 17.498270          45                 18
20 10.160338          46                  0
21  8.984838          46                  0
22  9.918791          44                  0
23 15.128043          43                 11
24 11.082431          45                  0
25 11.708136          45                  2
26 10.515684          45                  0
27 10.295114          45                  3
28 16.423587          44                 17
29 17.115597          46                 22
30 17.747051          45                 23
31 17.210961          46                 17
32 17.416896          46                 34
33 17.703177          46                 28
34 15.251325          45                 14
35 13.765847          46                 11
36 15.037620          46                 15
37 14.928994          45                 14
38 13.694126          46                 11
39 14.766918          46                 19
40 14.550272          46                 19
41 14.304472          43                 10
42 15.835719          46                 15
43 19.797912          40                 18
   Dengue_Aeg_OptTemp Chik_Alb_OptTemp
1                   0               14
2                   0                8
3                   1                9
4                   2               19
5                   0               13
6                   1               13
7                   3               13
8                   2               14
9                   0                8
10                  0                0
11                  0                3
12                  7               17
13                  0               18
14                  0               12
15                  1               17
16                  0               19
17                  0               20
18                  1               23
19                  0               18
20                  0                0
21                  0                0
22                  0                0
23                  0               11
24                  0                0
25                  0                2
26                  0                0
27                  0                3
28                  0               17
29                  2               22
30                  0               23
31                  1               17
32                  1               34
33                  1               28
34                  2               14
35                  1               11
36                  3               15
37                  4               14
38                  0               11
39                  3               19
40                  2               19
41                  1               10
42                  1               15
43                 13               18
   Chik_Aeg_OptTemp Zika_OptTemp Malaria_OptTemp
1                 0            0              22
2                 0            0               9
3                 1            1              16
4                 2            2              22
5                 0            0              18
6                 1            1              23
7                 3            3              23
8                 2            2              15
9                 0            0              16
10                0            0               0
11                0            0               5
12                7            7              21
13                0            0              31
14                0            0              32
15                1            1              29
16                0            0              28
17                0            0              30
18                1            1              37
19                0            0              37
20                0            0               0
21                0            0               0
22                0            0               0
23                0            0              20
24                0            0               4
25                0            0               6
26                0            0               3
27                0            0               5
28                0            0              30
29                2            2              36
30                0            0              30
31                1            1              30
32                1            1              35
33                1            1              31
34                2            2              20
35                1            1              23
36                3            3              21
37                4            4              12
38                0            0              17
39                3            3              18
40                2            2              20
41                1            1              20
42                1            1              26
43               13           13              13
        NDVI       EVI   Precip StableLights
1  0.5009809 0.3044954 2087.610  37.97290328
2  0.4755798 0.2879163 2553.313  20.00104236
3  0.5274274 0.3292175 1812.452  38.95107691
4  0.4998094 0.3124489 2402.545  45.65708510
5  0.4928689 0.3224883 2430.899  40.69994380
6  0.5602588 0.3441723 1827.407  44.91978392
7  0.5366850 0.3366509 1797.030  42.37753225
8  0.6585917 0.4236973 3262.270   3.78325502
9  0.6974444 0.4493591 2451.704   2.34359044
10 0.5635154 0.3530588 3860.876   1.19912505
11 0.5804288 0.3850395 4141.660   1.47375354
12 0.6893385 0.4474393 3150.971  16.63105985
13 0.6941082 0.4617178 3520.784   0.63513734
14 0.6687583 0.4466689 3282.957   0.43164090
15 0.6588675 0.4551777 2921.672   0.73691678
16 0.6588110 0.4344956 3966.961   1.16305634
17 0.6496304 0.4470364 3629.302   0.98613324
18 0.7175793 0.4703699 3237.788   0.99334684
19 0.6804763 0.4395291 3077.539   0.86009516
20 0.5115397 0.3513029 2659.326   1.57404236
21 0.5035103 0.3481542 3346.018   2.64294129
22 0.4922420 0.3490835 3105.557   1.87913236
23 0.6145202 0.3873342 2748.683  12.12206958
24 0.6205212 0.3985257 2788.160   1.03763393
25 0.6579145 0.4166942 3122.355   2.47164372
26 0.6169595 0.4112317 2946.261   2.18492874
27 0.6485956 0.4156288 2440.030   1.40743967
28 0.6851727 0.4601509 3993.182   0.47322473
29 0.6715077 0.4647704 3708.415   0.55923683
30 0.6598629 0.4460016 4536.272   1.07753221
31 0.6449796 0.4405083 4056.072   0.56163794
32 0.7192417 0.4747670 3800.043   0.75073572
33 0.6970862 0.4492191 3547.532   0.57899794
34 0.6119962 0.3946489 2001.887   1.25244831
35 0.6142883 0.3880379 2206.120   0.59539202
36 0.6368942 0.4148169 1671.971   1.04332428
37 0.5798506 0.3791344 2101.285   2.38290885
38 0.5955731 0.4113244 2218.723   1.42358243
39 0.6457720 0.4186227 1573.297   2.17971695
40 0.6307866 0.4124297 1615.592   1.86991930
41 0.6205093 0.4034171 2425.418   0.08394424
42 0.6627941 0.4413535 1725.298   0.19255107
43 0.6181014 0.4918371 2856.087   3.39383219
   SWOccurrence
1     17.033807
2     17.033807
3     17.033807
4     17.033807
5     17.033807
6     17.033807
7     17.033807
8     12.095082
9     12.095082
10    81.998449
11    81.998449
12     8.046512
13    37.455210
14    37.455210
15    37.455210
16    37.455210
17    37.455210
18    37.455210
19    37.455210
20    62.000000
21    62.000000
22    62.000000
23     2.571429
24     1.818182
25     1.818182
26     1.818182
27     1.818182
28    28.780870
29    28.780870
30    28.780870
31    28.780870
32    28.780870
33    28.780870
34    52.552368
35    52.552368
36    52.552368
37    52.552368
38    52.552368
39    52.552368
40    52.552368
41    12.874403
42    16.476040
43    15.973340
 [ reached 'max' / getOption("max.print") -- omitted 31844 rows ]

$OOBerror
       NRMSE          PFC 
6.351435e-05 0.000000e+00 

attr(,"class")
[1] "missForest"
